,City,Lat,Lng,Max Temp,Humidity,Cloudiness,Wind Speed,Country,Date
0,la ronge,55.1001,-105.2842,56.53,75,91,6.93,CA,1627560656
1,puerto ayora,-0.7393,-90.3518,71.15,87,70,6.91,EC,1627560657
2,mayumba,-3.432,10.6554,77.27,73,14,9.33,GA,1627560657
3,husavik,66.0449,-17.3389,49.73,96,100,3.04,IS,1627560658
4,avarua,-21.2078,-159.775,69.85,88,85,3.44,CK,1627560659
5,saldanha,-33.0117,17.9442,55.2,85,100,15.03,ZA,1627560659
6,westport,41.1415,-73.3579,75.09,87,1,1.01,US,1627560660
7,atuona,-9.8,-139.0333,76.91,71,80,13.82,PF,1627560660
8,bluff,-46.6,168.3333,45.81,82,81,9.19,NZ,1627560660
9,tasiilaq,65.6145,-37.6368,53.76,65,57,2.68,GL,1627560661
10,faya,18.3851,42.4509,72.12,37,74,6.4,SA,1627560661
11,mataura,-46.1927,168.8643,45.48,93,98,4.09,NZ,1627560662
12,beyneu,45.3167,55.2,91.67,17,0,8.37,KZ,1627560662
13,barrow,71.2906,-156.7887,50.02,93,90,4.61,US,1627560663
14,ribeira grande,38.5167,-28.7,75.6,64,75,8.05,PT,1627560663
15,roald,62.5833,6.1333,76.15,82,20,8.05,NO,1627560663
16,punta arenas,-53.15,-70.9167,42.82,81,75,17.27,CL,1627560519
17,ushuaia,-54.8,-68.3,49.66,37,75,27.63,AR,1627560613
18,vaini,-21.2,-175.2,66.36,88,20,5.75,TO,1627560664
19,dickinson,29.4608,-95.0513,82.94,87,1,1.01,US,1627560664
20,libenge,3.65,18.6333,92.19,40,81,1.54,CD,1627560665
21,lebu,-37.6167,-73.65,47.01,76,0,7.25,CL,1627560665
22,namibe,-15.1961,12.1522,75.85,56,0,10.4,AO,1627560665
23,mar del plata,-38.0023,-57.5575,43.09,57,76,1.01,AR,1627560401
24,saint anthony,45.0205,-93.218,74.66,83,1,7.0,US,1627560666
25,zhigansk,66.7697,123.3711,65.07,47,7,7.85,RU,1627560666
26,hobart,-42.8794,147.3294,48.06,79,40,1.01,AU,1627560666
27,nikolskoye,59.7035,30.7861,78.69,59,63,6.26,RU,1627560667
28,thompson,55.7435,-97.8558,44.76,93,40,0.0,CA,1627560667
29,tarakan,3.3,117.6333,83.52,81,56,9.53,ID,1627560668
30,hohhot,40.8106,111.6522,80.49,39,39,1.97,CN,1627560668
31,kasama,-10.2129,31.1808,80.22,21,1,5.08,ZM,1627560668
32,hilo,19.7297,-155.09,73.8,90,75,4.61,US,1627560590
33,east london,-33.0153,27.9116,69.66,44,19,21.25,ZA,1627560669
34,verkhoshizhemye,58.011,49.1038,74.01,50,100,10.33,RU,1627560669
35,flores,16.9226,-89.8994,71.8,98,99,2.19,GT,1627560670
36,parichhatgarh,28.9833,77.9333,83.8,76,100,2.86,IN,1627560670
37,klaksvik,62.2266,-6.589,56.32,94,100,6.89,FO,1627560671
38,tomatlan,19.9333,-105.25,72.99,94,100,2.75,MX,1627560671
39,albany,42.6001,-73.9662,65.52,93,66,2.46,US,1627560429
40,talnakh,69.4865,88.3972,68.4,51,99,3.67,RU,1627560672
41,rikitea,-23.1203,-134.9692,72.99,79,9,8.86,PF,1627560672
42,iskateley,67.6803,53.1512,50.79,68,100,3.91,RU,1627560673
43,torbay,47.6666,-52.7314,65.57,92,99,6.89,CA,1627560673
44,tuktoyaktuk,69.4541,-133.0374,49.46,80,100,9.44,CA,1627560674
45,bintulu,3.1667,113.0333,83.41,80,40,7.25,MY,1627560674
46,teguise,29.0605,-13.564,73.62,65,20,21.85,ES,1627560674
47,saint george,37.1041,-113.5841,86.63,43,1,7.0,US,1627560675
48,yellowknife,62.456,-114.3525,58.28,87,100,10.67,CA,1627560675
49,mikun,62.3547,50.0771,62.67,62,97,5.97,RU,1627560676
50,kapaa,22.0752,-159.319,79.12,77,40,12.66,US,1627560676
51,beringovskiy,63.05,179.3167,47.59,82,99,12.84,RU,1627560677
52,evensk,61.95,159.2333,45.39,59,75,9.55,RU,1627560677
53,lompoc,34.6391,-120.4579,61.92,91,90,3.44,US,1627560678
54,souillac,-20.5167,57.5167,74.35,60,40,16.11,MU,1627560678
55,codrington,-38.2667,141.9667,44.24,85,2,11.95,AU,1627560679
56,rutana,-3.8667,30.1,77.49,24,10,7.16,BI,1627560679
57,san carlos de bariloche,-41.1456,-71.3082,20.95,93,20,2.3,AR,1627560676
58,polovinnoye,54.7914,65.9864,67.05,43,88,9.89,RU,1627560680
59,mendeleyevo,56.0333,37.2167,78.28,64,75,13.42,RU,1627560680
60,caravelas,-17.7125,-39.2481,76.73,68,4,3.06,BR,1627560681
61,kalmunai,7.4167,81.8167,85.42,71,99,11.21,LK,1627560557
62,jamestown,42.097,-79.2353,69.39,93,75,1.99,US,1627560682
63,coihaique,-45.5752,-72.0662,41.61,87,0,10.36,CL,1627560682
64,lichtenfels,50.1457,11.0593,77.13,50,29,4.0,DE,1627560683
65,sitka,57.0531,-135.33,53.49,87,40,0.0,US,1627560683
66,mangrol,21.1167,70.1167,82.35,83,100,25.17,IN,1627560551
67,faanui,-16.4833,-151.75,77.81,75,70,8.05,PF,1627560684
68,oksfjord,70.2396,22.3479,52.0,65,81,5.7,NO,1627560684
69,portmore,17.9702,-76.8672,74.97,94,12,2.8,JM,1627560685
70,kruisfontein,-34.0033,24.7314,62.89,58,71,23.62,ZA,1627560685
71,dunedin,-45.8742,170.5036,45.27,90,67,10.51,NZ,1627560685
72,darhan,49.4867,105.9228,70.5,67,2,4.09,MN,1627560686
73,elko,41.0002,-115.5012,64.63,54,28,5.01,US,1627560686
74,cape town,-33.9258,18.4232,58.87,90,90,1.99,ZA,1627560438
75,port alfred,-33.5906,26.891,64.92,55,40,27.72,ZA,1627560687
76,cabo san lucas,22.8909,-109.9124,85.51,74,7,1.01,MX,1627560687
77,hithadhoo,-0.6,73.0833,82.22,72,100,9.93,MV,1627560687
78,nanortalik,60.1432,-45.2371,46.0,83,100,8.9,GL,1627560688
79,svetlogorsk,52.6333,29.7333,86.56,41,31,6.76,BY,1627560688
80,ndele,8.4109,20.6473,83.73,61,69,5.75,CF,1627560689
81,larsnes,62.2028,5.5773,75.85,83,100,5.23,NO,1627560689
82,benghazi,32.1167,20.0667,86.11,60,0,16.06,LY,1627560689
83,vila franca do campo,37.7167,-25.4333,73.81,71,57,6.71,PT,1627560690
84,accra,5.556,-0.1969,82.45,60,82,9.91,GH,1627560690
85,castro,-24.7911,-50.0119,33.53,60,7,9.19,BR,1627560690
86,geraldton,-28.7667,114.6,66.13,72,75,19.57,AU,1627560691
87,kaitangata,-46.2817,169.8464,47.93,81,41,5.66,NZ,1627560691
88,kamalpur,24.2,91.8333,79.03,94,100,5.82,IN,1627560692
89,nishihara,26.1842,127.7558,82.06,89,20,6.91,JP,1627560692
90,ancud,-41.8697,-73.8203,40.53,88,7,3.09,CL,1627560693
91,bredasdorp,-34.5322,20.0403,60.28,74,93,9.64,ZA,1627560693
92,chuy,-33.6971,-53.4616,40.64,82,10,10.16,UY,1627560694
93,qaanaaq,77.484,-69.3632,45.45,89,100,16.13,GL,1627560694
94,jabinyanah,35.035,10.9081,91.76,41,0,14.27,TN,1627560694
95,kidal,18.4411,1.4078,96.26,35,1,11.25,ML,1627560695
96,mehamn,71.0357,27.8492,49.91,84,99,8.12,NO,1627560695
97,raga,8.4596,25.678,82.51,74,48,1.9,SS,1627560695
98,mount gambier,-37.8333,140.7667,44.96,82,0,9.15,AU,1627560696
99,busselton,-33.65,115.3333,53.1,82,61,27.13,AU,1627560696
100,saint-francois,46.4154,3.9054,76.48,59,40,5.75,FR,1627560697
101,tuatapere,-46.1333,167.6833,45.82,85,93,6.22,NZ,1627560697
102,northam,51.0333,-4.2167,70.2,66,62,10.76,GB,1627560698
103,butaritari,3.0707,172.7902,82.85,72,16,9.15,KI,1627560699
104,tessalit,20.1986,1.0114,99.88,28,14,12.8,ML,1627560699
105,hermanus,-34.4187,19.2345,60.8,76,93,8.7,ZA,1627560699
106,katsuura,35.1333,140.3,82.18,87,4,11.43,JP,1627560700
107,san rafael del sur,11.8485,-86.4384,74.37,80,95,10.63,NI,1627560700
108,los alamos,35.8881,-106.307,64.58,66,1,3.0,US,1627560701
109,saint-philippe,-21.3585,55.7679,74.75,75,72,16.6,RE,1627560701
110,longkou,37.6508,120.3286,78.87,91,98,21.72,CN,1627560701
111,miranda,3.2499,-76.2281,64.53,80,77,2.98,CO,1627560702
112,bisert,56.8617,59.0523,68.05,47,70,8.05,RU,1627560702
113,alcamo,37.9983,12.9565,97.2,23,0,7.67,IT,1627560703
114,norman wells,65.282,-126.8329,57.24,88,90,3.44,CA,1627560703
115,itarema,-2.9248,-39.9167,84.27,64,19,13.29,BR,1627560704
116,clyde river,70.4692,-68.5914,44.29,69,31,5.86,CA,1627560704
117,bilma,18.6853,12.9164,103.12,20,22,6.82,NE,1627560705
118,belmonte,-15.8631,-38.8828,77.5,73,18,11.21,BR,1627560705
119,monywa,22.1167,95.1333,87.35,62,97,10.98,MM,1627560705
120,senador jose porfirio,-2.5908,-51.9542,77.05,83,76,3.83,BR,1627560706
121,guilin,25.2819,110.2864,87.55,65,11,1.63,CN,1627560706
122,carnarvon,-24.8667,113.6333,66.27,70,67,10.36,AU,1627560707
123,aneho,6.2333,1.6,83.82,59,76,11.99,TG,1627560707
124,khatanga,71.9667,102.5,76.26,47,2,5.48,RU,1627560707
125,kartaly,53.0522,60.6467,72.05,35,0,7.4,RU,1627560708
126,lorengau,-2.0226,147.2712,81.61,79,42,6.29,PG,1627560708
127,san quintin,30.4833,-115.95,68.36,87,17,7.85,MX,1627560709
128,fortuna foothills,32.6578,-114.4119,89.69,42,1,0.0,US,1627560709
129,new norfolk,-42.7826,147.0587,47.71,78,75,1.99,AU,1627560709
130,farafangana,-22.8167,47.8333,71.02,81,49,14.45,MG,1627560710
131,letlhakeng,-24.0944,25.0298,74.55,15,0,10.25,BW,1627560710
132,kaeo,-35.1,173.7833,51.33,94,85,5.21,NZ,1627560711
133,laguna,38.421,-121.4238,79.21,69,1,1.99,US,1627560711
134,storforshei,66.4043,14.5233,80.38,41,20,8.05,NO,1627560711
135,flin flon,54.7682,-101.865,54.52,84,98,6.33,CA,1627560712
136,salalah,17.0151,54.0924,80.69,83,90,11.5,OM,1627560712
137,nuuk,64.1835,-51.7216,41.61,100,90,4.61,GL,1627560713
138,ostrovnoy,68.0531,39.5131,49.39,73,100,4.68,RU,1627560713
139,sungaipenuh,-2.0833,101.3833,66.76,98,80,0.67,ID,1627560714
140,port elizabeth,-33.918,25.5701,65.1,60,48,23.69,ZA,1627560714
141,gopalpur,19.2667,84.9167,78.69,81,100,8.43,IN,1627560715
142,mustasaari,63.1142,21.6822,78.35,60,20,12.66,FI,1627560715
143,bullhead city,35.1478,-114.5683,93.7,38,1,0.0,US,1627560715
144,liverpool,53.4106,-2.9779,67.08,74,75,5.99,GB,1627560716
145,sarahan,31.5167,77.8,67.32,94,100,1.95,IN,1627560716
146,kendari,-3.945,122.4989,77.23,90,87,3.69,ID,1627560717
147,arraial do cabo,-22.9661,-42.0278,66.06,63,40,28.77,BR,1627560717
148,yulara,-25.2406,130.9889,62.44,45,0,3.44,AU,1627560718
149,mecca,21.4267,39.8261,104.52,25,100,11.56,SA,1627560718
150,sumbe,-11.2061,13.8437,77.14,66,34,10.29,AO,1627560719
151,fortuna,40.5982,-124.1573,52.32,95,90,0.0,US,1627560719
152,sao filipe,14.8961,-24.4956,74.68,77,42,7.02,CV,1627560720
153,terrak,65.087,12.3715,66.22,54,16,5.59,NO,1627560720
154,mercedes,-34.6515,-59.4307,36.84,68,0,5.12,AR,1627560721
155,bethel,41.3712,-73.414,73.49,89,90,1.01,US,1627560721
156,aktash,50.3,87.7333,60.39,47,86,3.8,RU,1627560721
157,mayo,38.8876,-76.5119,78.06,92,21,4.0,US,1627560722
158,malacacheta,-17.8422,-42.0767,71.8,49,4,6.33,BR,1627560722
159,ventspils,57.3894,21.5606,67.93,94,40,6.91,LV,1627560723
160,dikson,73.5069,80.5464,41.43,86,90,15.26,RU,1627560723
161,georgetown,5.4112,100.3354,85.95,79,20,9.22,MY,1627560724
162,eyl,7.9803,49.8164,83.62,59,94,31.16,SO,1627560724
163,mandera,3.9366,41.867,91.9,29,97,23.15,KE,1627560725
164,mudgee,-32.5943,149.5871,35.65,93,0,2.3,AU,1627560725
165,tahoua,14.8888,5.2692,84.09,60,100,11.05,NE,1627560725
166,kodiak,57.79,-152.4072,54.91,71,90,4.61,US,1627560726
167,bichura,50.5881,107.6022,65.7,83,100,2.17,RU,1627560726
168,moose factory,51.2585,-80.6094,51.69,96,80,7.45,CA,1627560726
169,marawi,7.9986,124.2928,71.38,90,99,3.65,PH,1627560727
170,mae sai,20.4335,99.8762,75.97,93,100,1.79,TH,1627560727
171,brae,60.3964,-1.353,60.71,87,95,9.46,GB,1627560727
172,sao jose da coroa grande,-8.8978,-35.1478,77.99,74,10,1.88,BR,1627560728
173,tiksi,71.6872,128.8694,48.69,67,10,2.89,RU,1627560728
174,mandan,46.8267,-100.8896,65.01,66,1,0.0,US,1627560729
175,pevek,69.7008,170.3133,32.29,99,100,27.92,RU,1627560729
176,skjervoy,70.0311,20.9714,50.47,78,70,11.48,NO,1627560729
177,mahon,39.8885,4.2658,86.56,48,0,8.05,ES,1627560730
178,beira,-19.8436,34.8389,74.16,49,3,6.69,MZ,1627560731
179,marzuq,14.4,46.4667,88.48,43,43,9.04,YE,1627560731
180,cadiz,36.5,-5.75,92.62,36,0,12.03,ES,1627560731
181,adrar,20.5022,-10.0711,98.29,21,100,19.06,MR,1627560731
182,arrecife,28.963,-13.5477,76.98,65,20,21.85,ES,1627560732
183,sorland,67.667,12.6934,55.47,85,6,29.48,NO,1627560732
184,oktyabrskoye,43.0645,44.7417,78.94,47,29,6.71,RU,1627560732
185,muzhi,65.3667,64.6667,54.34,79,100,5.57,RU,1627560733
186,feijo,-8.1642,-70.3536,65.41,51,2,5.93,BR,1627560733
187,olafsvik,64.8945,-23.7142,53.22,86,80,8.63,IS,1627560734
188,sur,22.5667,59.5289,102.07,39,58,5.53,OM,1627560734
189,pangnirtung,66.1451,-65.7125,56.01,53,84,0.76,CA,1627560734
190,upernavik,72.7868,-56.1549,43.14,94,100,15.26,GL,1627560735
191,tokur,53.1333,132.9,59.34,95,100,2.46,RU,1627560731
192,thinadhoo,0.5333,72.9333,81.91,70,100,6.15,MV,1627560736
193,gimli,50.6336,-96.9907,56.05,71,3,7.45,CA,1627560736
194,soyo,-6.1349,12.3689,78.8,67,0,11.27,AO,1627560737
195,plouzane,48.3833,-4.6167,71.62,61,75,13.8,FR,1627560737
196,acapulco,16.8634,-99.8901,78.13,87,84,4.61,MX,1627560737
197,hasaki,35.7333,140.8333,77.4,86,10,11.95,JP,1627560738
198,ashford,51.1459,0.8728,70.48,59,11,8.99,GB,1627560738
199,port hardy,50.6996,-127.4199,53.78,100,75,0.0,CA,1627560738
200,ponta do sol,32.6667,-17.1,79.72,64,45,2.82,PT,1627560739
201,rawson,-43.3002,-65.1023,45.73,53,0,7.65,AR,1627560739
202,that phanom,16.9364,104.7104,80.78,83,100,4.25,TH,1627560739
203,naze,28.3667,129.4833,78.51,88,4,4.7,JP,1627560739
204,lima,-12.0432,-77.0282,59.25,88,90,3.44,PE,1627560720
205,ilulissat,69.2167,-51.1,44.38,88,99,3.83,GL,1627560740
206,buenos aires,-34.6132,-58.3772,42.53,72,0,5.75,AR,1627560540
207,novyy urengoy,66.0833,76.6333,64.38,68,84,11.23,RU,1627560740
208,altay,47.8667,88.1167,81.81,13,67,7.49,CN,1627560741
209,hazorasp,41.3194,61.0742,85.84,18,83,15.21,UZ,1627560741
210,taltal,-25.4,-70.4833,58.46,49,0,2.46,CL,1627560741
211,inhambane,-23.865,35.3833,75.94,44,0,6.53,MZ,1627560742
212,la florida,1.2985,-77.4061,55.4,88,80,6.62,CO,1627560742
213,plast,54.3691,60.8136,72.95,32,39,10.63,RU,1627560743
214,andenes,69.3143,16.1194,53.08,82,40,20.71,NO,1627560743
215,isla mujeres,21.2311,-86.731,73.45,83,44,8.52,MX,1627560744
216,sisimiut,66.9395,-53.6735,49.05,69,99,2.48,GL,1627560744
217,chokurdakh,70.6333,147.9167,39.18,66,92,8.86,RU,1627560744
218,hofn,64.2539,-15.2082,53.62,87,75,9.22,IS,1627560745
219,kanjiza,46.0667,20.05,93.52,23,14,9.01,RS,1627560745
220,port blair,11.6667,92.75,82.35,84,89,16.71,IN,1627560745
221,korla,41.7597,86.1469,103.24,11,1,6.93,CN,1627560746
222,cidreira,-30.1811,-50.2056,42.69,79,85,17.47,BR,1627560746
223,sendafa,9.15,39.0333,64.6,73,96,2.62,ET,1627560746
224,umm kaddadah,13.6017,26.6876,92.93,35,62,3.94,SD,1627560747
225,taoudenni,22.6783,-3.9836,108.43,19,64,12.44,ML,1627560747
226,lavrentiya,65.5833,-171.0,43.05,92,69,7.85,RU,1627560748
227,ust-kuyga,70.0167,135.6,55.18,53,87,7.52,RU,1627560748
228,hun,29.1268,15.9477,95.41,16,0,9.01,LY,1627560748
229,bolgar,54.95,49.0667,66.69,76,100,9.42,RU,1627560749
230,leshukonskoye,64.8989,45.7622,57.94,53,100,3.22,RU,1627560749
231,lahaina,20.8783,-156.6825,76.8,91,5,7.02,US,1627560749
232,alihe,50.5667,123.7167,64.29,97,41,3.04,CN,1627560750
233,ambilobe,-13.2,49.05,79.48,53,24,7.92,MG,1627560750
234,san luis,-33.295,-66.3356,39.67,33,0,9.31,AR,1627560751
235,abaza,52.655,90.0928,69.75,64,35,4.21,RU,1627560751
236,anloga,5.7947,0.8973,81.07,68,86,11.14,GH,1627560751
237,san jeronimo,-11.9472,-75.2829,46.83,73,80,1.66,PE,1627560752
238,dongsheng,39.8161,109.9776,80.64,30,31,8.41,CN,1627560752
239,kazachinskoye,57.6953,93.2761,63.52,76,100,1.28,RU,1627560752
240,ust-nera,64.5667,143.2,44.53,67,89,5.95,RU,1627560753
241,macau,22.2006,113.5461,86.72,84,20,2.3,MO,1627560753
242,margherita,27.2833,95.6833,82.96,90,90,0.81,IN,1627560754
243,birao,10.2849,22.7882,89.8,49,96,4.85,CF,1627560754
244,tuyen quang,21.8233,105.2181,87.04,75,72,2.75,VN,1627560754
245,venado tuerto,-33.7456,-61.9688,34.79,56,0,5.37,AR,1627560755
246,berezovyy,51.6667,135.7,68.29,98,100,6.42,RU,1627560735
247,kloulklubed,7.0419,134.2556,79.3,74,73,4.32,PW,1627560755
248,mandalgovi,45.7625,106.2708,76.06,35,34,9.37,MN,1627560756
249,mattru,7.6244,-11.8332,78.4,70,100,3.56,SL,1627560756
250,khasan,42.4308,130.6434,77.22,87,80,4.5,RU,1627560757
251,asau,46.4333,26.4,97.75,38,9,10.85,RO,1627560757
252,riberalta,-10.9833,-66.1,62.65,23,9,8.01,BO,1627560757
253,karratha,-20.7377,116.8463,70.88,72,4,9.64,AU,1627560758
254,tchibanga,-2.85,11.0333,92.19,35,15,3.6,GA,1627560758
255,dawlatabad,36.4141,64.9053,103.87,9,4,22.01,AF,1627560759
256,key west,24.5557,-81.7826,87.8,68,1,5.75,US,1627560759
257,polonnaruwa,7.9333,81.0,90.61,44,93,13.89,LK,1627560759
258,severo-kurilsk,50.6789,156.125,57.0,96,83,2.59,RU,1627560760
259,tias,28.9611,-13.645,74.88,65,20,21.85,ES,1627560760
260,la pila,22.05,-100.8667,60.48,95,100,2.95,MX,1627560761
261,erenhot,43.6475,111.9767,84.76,32,3,5.91,CN,1627560761
262,dubai,25.2582,55.3047,107.89,33,95,12.66,AE,1627560670
263,shiyan,32.6475,110.7781,81.41,64,16,5.35,CN,1627560761
264,lakes entrance,-37.8811,147.981,46.58,72,1,9.44,AU,1627560762
265,antofagasta,-23.65,-70.4,63.21,62,6,5.57,CL,1627560762
266,moyale,3.5167,39.0584,73.42,52,100,12.66,KE,1627560763
267,derzhavinsk,51.1,66.3167,72.88,26,0,12.48,KZ,1627560763
268,saint-leu,-21.15,55.2833,74.23,70,85,8.01,RE,1627560764
269,chipinge,-20.1883,32.6236,72.16,26,10,6.2,ZW,1627560764
270,hobyo,5.3505,48.5268,81.37,66,79,26.98,SO,1627560764
271,totness,5.8833,-56.3167,78.82,81,36,7.72,SR,1627560765
272,carutapera,-1.195,-46.02,82.69,73,8,8.37,BR,1627560765
273,sulangan,11.1373,123.7228,85.48,74,100,15.66,PH,1627560766
274,longyearbyen,78.2186,15.6401,48.04,66,40,10.36,SJ,1627560766
275,santa maria,-29.6842,-53.8069,37.33,80,5,5.77,BR,1627560728
276,bozeman,45.6796,-111.0386,67.42,63,40,5.75,US,1627560767
277,nantucket,41.2835,-70.0995,70.0,80,1,5.75,US,1627560767
278,sioux lookout,50.1001,-91.917,55.54,77,0,7.0,CA,1627560768
279,noumea,-22.2763,166.4572,71.01,99,1,7.11,NC,1627560768
280,glendive,47.1053,-104.7125,69.42,57,40,3.44,US,1627560768
281,praia da vitoria,38.7333,-27.0667,75.76,72,99,9.73,PT,1627560769
282,tuzha,57.6062,47.936,76.8,45,95,12.57,RU,1627560769
283,young,-32.6833,-57.6333,39.22,75,0,3.89,UY,1627560770
284,glens falls,43.3095,-73.644,65.68,90,40,1.01,US,1627560322
285,mendi,-6.1761,143.6513,56.97,99,96,0.98,PG,1627560770
286,cayenne,4.9333,-52.3333,80.64,83,0,3.44,GF,1627560771
287,makakilo city,21.3469,-158.0858,77.32,72,75,4.61,US,1627560533
288,cordoba,-31.4135,-64.1811,41.76,59,0,3.44,AR,1627560567
289,mana,5.6592,-53.7767,79.34,84,15,6.26,GF,1627560771
290,itaituba,-4.2761,-55.9836,79.41,40,17,1.79,BR,1627560772
291,cap malheureux,-19.9842,57.6142,74.46,63,54,8.99,MU,1627560772
292,richards bay,-28.783,32.0377,77.58,23,0,6.17,ZA,1627560772
293,omboue,-1.5746,9.2618,81.86,61,25,12.33,GA,1627560773
294,kavieng,-2.5744,150.7967,82.56,77,4,5.7,PG,1627560773
295,nabire,-3.3667,135.4833,77.85,87,100,3.0,ID,1627560774
296,alofi,-19.0595,-169.9187,74.43,75,43,14.88,NU,1627560774
297,muros,42.7762,-9.0603,75.99,56,2,14.61,ES,1627560775
298,narsaq,60.9167,-46.05,52.02,73,77,2.33,GL,1627560775
299,oranjemund,-28.55,16.4333,61.77,50,0,13.87,NA,1627560776
300,elk point,42.6833,-96.6836,78.64,71,46,10.11,US,1627560777
301,lastoursville,-0.8143,12.7287,97.79,30,6,1.36,GA,1627560777
302,haines junction,60.7522,-137.5108,43.83,95,94,3.09,CA,1627560777
303,neuquen,-38.9516,-68.0591,28.29,80,0,2.3,AR,1627560758
304,maniitsoq,65.4167,-52.9,45.59,77,97,1.7,GL,1627560778
305,maldonado,-34.6667,-54.9167,44.22,81,47,7.78,UY,1627560778
306,wanning,18.8003,110.3967,83.28,87,100,2.62,CN,1627560778
307,letpadan,17.7833,95.75,80.98,80,83,10.74,MM,1627560779
308,sajanan,37.0573,9.2426,100.17,26,0,9.26,TN,1627560779
309,powell river,49.8496,-124.5361,66.99,70,1,1.99,CA,1627560779
310,koshurnikovo,54.1667,93.3,63.61,66,69,1.16,RU,1627560780
311,ca mau,9.1769,105.15,79.38,82,97,8.3,VN,1627560780
312,kavaratti,10.5669,72.642,82.44,80,100,15.37,IN,1627560780
313,mahebourg,-20.4081,57.7,74.25,60,40,16.11,MU,1627560781
314,bandarbeyla,9.4942,50.8122,83.26,62,66,34.85,SO,1627560781
315,katiola,8.1333,-5.1,81.23,58,95,8.23,CI,1627560781
316,roma,43.2128,-75.4557,63.88,91,1,6.91,US,1627560782
317,leningradskiy,69.3833,178.4167,32.77,99,100,14.81,RU,1627560782
318,kuznechnoye,61.12,29.8686,75.0,53,99,12.01,RU,1627560783
319,kaputa,-8.4689,29.6619,79.59,30,0,4.41,ZM,1627560783
320,sheridan,44.8333,-106.9173,64.78,88,40,0.0,US,1627560784
321,luanda,-8.8368,13.2343,77.0,73,40,10.36,AO,1627560666
322,ketchikan,55.3422,-131.6461,59.47,88,90,0.0,US,1627560785
323,raudeberg,61.9875,5.1352,73.18,94,100,8.39,NO,1627560785
324,vardo,70.3705,31.1107,48.4,84,99,8.1,NO,1627560786
325,zyryanka,65.75,150.85,39.9,96,100,7.05,RU,1627560786
326,bongandanga,1.5,21.05,89.98,40,91,2.01,CD,1627560787
327,buin,-33.7333,-70.75,56.73,15,0,2.48,CL,1627560787
328,arroyo,41.6096,-4.7969,86.61,33,0,16.11,ES,1627560788
329,puerto carreno,6.189,-67.4859,74.71,91,95,3.11,CO,1627560788
330,avera,33.194,-82.5271,78.67,80,2,3.06,US,1627560789
331,olavarria,-36.8927,-60.3225,34.68,64,3,6.24,AR,1627560789
332,salinopolis,-0.6136,-47.3561,82.04,77,8,8.97,BR,1627560789
333,kutum,14.2,24.6667,86.18,39,96,3.33,SD,1627560790
334,port macquarie,-31.4333,152.9167,44.89,55,0,6.87,AU,1627560790
335,bathsheba,13.2167,-59.5167,81.5,74,93,18.99,BB,1627560791
336,samarai,-10.6167,150.6667,79.93,85,79,6.53,PG,1627560791
337,rio grande,-32.035,-52.0986,41.95,81,49,16.73,BR,1627560735
338,bay roberts,47.5999,-53.2648,66.33,91,99,3.0,CA,1627560792
339,abidjan,5.3094,-4.0197,82.36,74,20,10.36,CI,1627560792
340,mandapeta,16.8667,81.9333,89.94,71,100,6.96,IN,1627560496
341,cherskiy,68.75,161.3,32.95,84,100,19.75,RU,1627560792
342,ixtapa,20.7,-105.2,75.22,93,68,3.02,MX,1627560793
343,nizhnyaya tavda,57.6731,66.1725,54.81,78,98,1.9,RU,1627560793
344,simbahan,6.3032,120.5836,84.09,79,79,11.07,PH,1627560794
345,motygino,58.1831,94.7592,60.94,73,100,5.28,RU,1627560794
346,saint-georges,12.0564,-61.7485,78.73,86,70,16.6,GD,1627560795
347,vestmannaeyjar,63.4427,-20.2734,61.79,72,40,3.44,IS,1627560795
348,goderich,43.7501,-81.7165,67.91,87,100,14.14,CA,1627560795
349,leticia,-4.2153,-69.9406,71.65,100,90,9.22,CO,1627560615
350,camacha,33.0833,-16.3333,72.82,60,20,16.11,PT,1627560796
351,port lincoln,-34.7333,135.8667,58.78,59,58,13.44,AU,1627560796
352,isangel,-19.55,169.2667,71.76,77,31,3.56,VU,1627560796
353,atar,20.5169,-13.0499,99.95,19,34,9.46,MR,1627560797
354,balakhta,55.38,91.6,64.31,62,49,1.97,RU,1627560797
355,bayan,46.0833,127.4,75.79,82,100,0.98,CN,1627560798
356,betare oya,5.6,14.0833,77.58,77,74,4.61,CM,1627560798
357,srandakan,-7.9386,110.2506,77.5,82,45,9.33,ID,1627560798
358,tura,25.5198,90.2201,75.7,91,100,6.73,IN,1627560799
359,socorro,31.6546,-106.3033,77.16,51,40,3.44,US,1627560799
360,kimberley,-28.7323,24.7623,65.43,17,0,9.8,ZA,1627560800
361,san cristobal,7.7669,-72.225,75.38,94,92,5.23,VE,1627560800
362,suamico,44.6319,-88.0393,73.0,91,40,4.0,US,1627560801
363,conakry,9.538,-13.6773,78.08,79,100,11.61,GN,1627560801
364,bubaque,11.2833,-15.8333,77.43,84,100,2.19,GW,1627560801
365,tynset,62.2759,10.7824,67.62,82,100,1.54,NO,1627560803
366,nokaneng,-19.6667,22.2667,77.27,15,44,8.97,BW,1627560804
367,yerbogachen,61.2767,108.0108,74.07,45,6,7.67,RU,1627560804
368,okahandja,-21.9833,16.9167,72.84,12,0,11.16,NA,1627560805
369,olinda,-8.0089,-34.8553,78.53,69,40,3.44,BR,1627560805
370,the pas,53.8251,-101.2541,57.22,94,90,3.78,CA,1627560805
371,dwarka,22.2394,68.9678,83.39,81,99,26.53,IN,1627560806
372,abbeville,50.1,1.8333,70.02,62,59,15.3,FR,1627560807
373,blagoyevo,63.3667,47.9167,66.7,51,80,1.3,RU,1627560807
374,vostok,46.4856,135.8833,71.69,82,93,4.79,RU,1627560807
375,te anau,-45.4167,167.7167,43.86,90,94,2.59,NZ,1627560808
376,pouso alegre,-22.23,-45.9364,50.85,58,49,5.79,BR,1627560808
377,kembe,4.6228,21.8865,80.96,65,88,1.34,CF,1627560809
378,sola,-13.8833,167.55,79.72,79,66,11.56,VU,1627560809
379,machinga,-15.1685,35.3,77.14,34,48,1.34,MW,1627560809
380,paita,-5.0892,-81.1144,66.04,84,69,8.41,PE,1627560810
381,golspie,57.9727,-3.978,59.07,91,100,8.77,GB,1627560810
382,srednekolymsk,67.45,153.6833,40.3,90,100,7.25,RU,1627560810
383,sungairaya,0.7,108.9,80.42,85,31,8.99,ID,1627560811
384,maturin,9.75,-63.1767,76.71,88,78,2.95,VE,1627560811
385,eureka,40.8021,-124.1637,52.57,92,2,3.02,US,1627560812
386,kamina,-8.7386,24.9906,87.49,18,0,6.33,CD,1627560812
387,tolaga bay,-38.3667,178.3,47.52,88,61,3.67,NZ,1627560812
388,machali,-34.1833,-70.6667,52.84,17,0,5.88,CL,1627560813
389,chernyshevskiy,63.0128,112.4714,69.8,46,2,5.17,RU,1627560813
390,terra santa,-2.1042,-56.4869,82.17,45,29,2.35,BR,1627560814
391,cervo,43.6702,-7.4101,78.19,69,79,6.22,ES,1627560814
392,grindavik,63.8424,-22.4338,59.47,72,40,9.22,IS,1627560814
393,labuhan,-6.8844,112.2051,80.11,74,50,4.97,ID,1627560815
394,kaihua,23.3687,104.28,70.93,86,71,4.72,CN,1627560815
395,saint-augustin,51.226,-58.6502,58.32,83,27,6.91,CA,1627560816
396,airai,-8.9266,125.4092,58.14,87,40,2.62,TL,1627560816
397,gravdal,68.1214,13.5031,60.48,76,20,23.02,NO,1627560816
398,mazagao,-0.115,-51.2894,82.45,97,95,3.58,BR,1627560817
399,chengde,40.9725,117.9361,67.03,98,100,4.61,CN,1627560817
400,ordzhonikidze,52.4411,61.7408,72.73,31,1,7.29,KZ,1627560818
401,jinchang,38.4953,102.1739,90.25,11,4,7.9,CN,1627560818
402,christchurch,-43.5333,172.6333,51.01,91,90,5.01,NZ,1627560707
403,honiara,-9.4333,159.95,77.79,89,25,3.44,SB,1627560818
404,sibu,2.3,111.8167,77.31,94,57,1.25,MY,1627560819
405,chaohu,31.6,117.8667,81.03,89,4,5.17,CN,1627560819
406,moses lake,47.1301,-119.2781,69.6,59,1,6.91,US,1627560820
407,nyurba,63.2842,118.3319,64.71,52,43,4.27,RU,1627560820
408,yar-sale,66.8333,70.8333,58.26,51,100,7.67,RU,1627560820
409,scarborough,54.2797,-0.4044,64.53,82,95,23.0,GB,1627560821
410,kingman,35.1894,-114.053,83.89,68,1,3.44,US,1627560821
411,saskylakh,71.9167,114.0833,82.09,50,96,6.58,RU,1627560822
412,finschhafen,-6.6024,147.8681,79.39,85,100,5.57,PG,1627560822
413,sonoita,31.85,-112.8333,84.52,46,94,2.53,MX,1627560822
414,mihijam,23.8526,86.8788,79.56,88,100,12.19,IN,1627560823
415,jimenez,28.3333,-105.4,68.74,56,100,6.31,MX,1627560823
416,gazli,40.1333,63.45,95.9,19,48,26.28,UZ,1627560824
417,esperance,-33.8667,121.9,61.29,65,23,26.11,AU,1627560824
418,shitanjing,39.2342,106.3439,87.69,15,2,2.17,CN,1627560825
419,tripoli,32.8752,13.1875,89.22,43,0,11.61,LY,1627560752
420,byron bay,-28.65,153.6167,62.55,59,2,9.57,AU,1627560652
421,phan thiet,10.9333,108.1,81.34,82,100,10.31,VN,1627560825
422,victoria,22.2855,114.1577,86.97,92,100,1.01,HK,1627560785
423,deputatskiy,69.3,139.9,44.53,65,64,5.97,RU,1627560826
424,biak,-0.9131,122.8766,77.16,84,68,5.53,ID,1627560826
425,mahibadhoo,3.7833,72.9667,83.14,69,100,8.81,MV,1627560827
426,cachoeira do sul,-30.0392,-52.8939,37.99,78,7,7.56,BR,1627560827
427,slave lake,55.2834,-114.769,56.43,65,7,2.91,CA,1627560827
428,chapleau,47.8405,-83.4034,59.09,100,75,2.3,CA,1627560828
429,fecamp,49.7579,0.3746,71.44,65,55,14.45,FR,1627560828
430,chapais,49.7834,-74.8492,53.38,96,100,4.85,CA,1627560829
431,port said,31.2565,32.2841,83.97,70,0,17.92,EG,1627560829
432,san patricio,28.017,-97.5169,81.82,87,3,2.42,US,1627560829
433,comodoro rivadavia,-45.8667,-67.5,47.16,58,46,8.16,AR,1627560830
434,san gabriel,34.0961,-118.1058,83.93,63,1,0.0,US,1627560830
435,parana,-31.732,-60.5238,38.3,66,0,3.62,AR,1627560575
436,odesskoye,54.2111,72.9651,68.02,36,3,9.51,RU,1627560830
437,guanare,9.0418,-69.7421,72.77,95,85,0.6,VE,1627560831
438,sakakah,29.9697,40.2064,102.83,9,0,14.97,SA,1627560831
439,morant bay,17.8815,-76.4093,74.62,78,23,8.21,JM,1627560832
440,provideniya,64.3833,-173.3,45.48,90,98,12.28,RU,1627560832
441,batouri,4.4333,14.3667,76.95,85,87,3.27,CM,1627560832
442,varberg,57.1056,12.2508,67.23,73,70,22.48,SE,1627560833
443,college,64.8569,-147.8028,57.15,93,75,3.44,US,1627560833
444,casablanca,33.5928,-7.6192,86.22,69,63,15.99,MA,1627560586
445,gorodishche,48.8045,44.4744,95.88,17,0,13.42,RU,1627560834
446,meulaboh,4.1363,96.1285,80.35,77,97,2.42,ID,1627560834
447,mglin,53.0591,32.8475,83.32,47,25,7.61,RU,1627560835
448,yumen,40.2833,97.2,93.43,10,0,13.62,CN,1627560835
449,keti bandar,24.1447,67.4497,84.13,79,100,25.84,PK,1627560835
450,contamana,-7.3333,-75.0167,70.23,99,98,3.18,PE,1627560836
451,baturaja,-4.1333,104.1667,78.03,68,16,2.89,ID,1627560836
452,zheleznodorozhnyy,55.7503,38.0042,77.52,43,87,7.78,RU,1627560836
453,anadyr,64.75,177.4833,42.01,75,81,28.52,RU,1627560837
454,mathbaria,22.2876,89.9593,79.38,92,100,10.92,BD,1627560837
455,terrace,54.5163,-128.6035,58.91,100,75,0.0,CA,1627560838
456,zhezkazgan,47.8043,67.7144,81.66,22,100,12.62,KZ,1627560838
457,gizo,-8.103,156.8419,81.86,78,28,8.19,SB,1627560838
458,sao joao da barra,-21.6403,-41.0511,64.49,72,100,24.14,BR,1627560839
459,kahului,20.8947,-156.47,76.84,88,1,5.75,US,1627560839
460,dalvik,65.9702,-18.5286,52.66,94,100,1.21,IS,1627560839
461,madison,34.7334,-86.5667,73.94,96,1,3.44,US,1627560545
462,belaya gora,68.5333,146.4167,41.47,75,69,2.08,RU,1627560840
463,margate,51.3813,1.3862,70.7,42,5,5.01,GB,1627560840
464,griffith,41.5284,-87.4237,77.02,68,1,5.99,US,1627560841
465,kayerkan,69.3497,87.7602,61.81,62,100,7.0,RU,1627560841
466,tabou,4.423,-7.3528,80.17,72,83,9.15,CI,1627560841
467,chara,56.9064,118.2631,65.35,57,55,7.83,RU,1627560842
468,dolores,-36.3132,-57.6792,37.87,72,49,7.7,AR,1627560842
469,urubicha,-15.3833,-62.95,59.65,18,97,5.93,BO,1627560843
470,hazleton,40.9584,-75.9746,67.23,87,90,3.44,US,1627560754
471,padang,-0.9492,100.3543,78.85,83,47,1.05,ID,1627560843
472,saint-pierre,-21.3393,55.4781,74.84,56,20,33.38,RE,1627560844
473,swellendam,-34.0226,20.4417,55.98,65,100,3.38,ZA,1627560844
474,guerrero negro,27.9769,-114.0611,68.4,89,0,10.89,MX,1627560681
475,lodja,-3.4833,23.4333,93.58,19,92,2.3,CD,1627560845
476,bacalar,18.6667,-88.3833,75.31,100,40,0.0,MX,1627560845
477,rochegda,62.8,43.25,70.99,54,99,2.8,RU,1627560845
478,buala,-8.145,159.5921,79.43,82,90,4.7,SB,1627560846
479,lagoa,39.05,-27.9833,69.87,83,95,8.86,PT,1627560846
480,portland,45.5234,-122.6762,69.6,72,20,1.01,US,1627560700
481,bose,45.4612,8.0137,84.51,64,3,5.1,IT,1627560847
482,andra,62.5147,65.8878,52.21,64,91,5.66,RU,1627560847
483,rocha,-34.4833,-54.3333,41.9,78,46,10.65,UY,1627560848
484,zelenoborsk,61.4669,64.0333,54.16,57,92,8.93,RU,1627560848
485,waynesboro,38.0685,-78.8895,71.58,92,1,0.0,US,1627560552
486,mananjary,-21.2167,48.3333,71.06,86,59,11.32,MG,1627560848
487,flinders,-34.5833,150.8552,51.39,62,0,6.87,AU,1627560849
488,lerwick,60.1545,-1.1494,60.8,89,94,7.78,GB,1627560849
489,abu samrah,35.3029,37.1841,99.7,14,0,13.31,SY,1627560850
490,riyadh,24.6877,46.7219,111.34,8,89,7.9,SA,1627560618
491,changji,44.0167,87.3167,93.99,21,0,11.18,CN,1627560850
492,warragul,-38.1667,145.9333,52.25,78,55,4.7,AU,1627560851
493,zyryanskoye,56.8306,86.6258,68.94,61,32,6.11,RU,1627560851
494,kimbe,-5.5502,150.1429,77.5,89,100,3.42,PG,1627560614
495,upata,8.0086,-62.3989,69.46,96,100,3.36,VE,1627560852
496,nurota,40.5614,65.6886,96.89,16,8,22.17,UZ,1627560853
497,mto wa mbu,-3.35,35.85,78.93,43,64,9.66,TZ,1627560853
498,robertsport,6.7533,-11.3686,79.48,65,100,4.79,LR,1627560854
499,champerico,14.3,-91.9167,82.35,77,100,5.55,GT,1627560854
500,pisco,-13.7,-76.2167,59.05,82,90,2.3,PE,1627560855
501,osmena,10.5208,119.9258,84.2,77,89,10.85,PH,1627560855
502,kirakira,-10.4544,161.9205,78.4,86,9,4.83,SB,1627560856
503,mysliborz,52.9238,14.8679,75.88,52,73,13.06,PL,1627560856
504,tulle,45.3333,1.8333,70.99,37,4,4.29,FR,1627560857
505,grand gaube,-20.0064,57.6608,74.37,63,58,8.99,MU,1627560857
506,san andres,12.5847,-81.7006,82.42,78,40,10.36,CO,1627560857
507,akyab,20.15,92.9,82.42,83,67,15.61,MM,1627560858
508,acarau,-2.8856,-40.12,83.46,67,19,12.75,BR,1627560858
509,starachowice,51.0374,21.0713,82.85,41,15,9.26,PL,1627560859
510,waingapu,-9.6567,120.2641,75.79,84,6,9.73,ID,1627560859
511,kilkis,40.9919,22.8708,103.26,9,0,7.9,GR,1627560860
512,garowe,8.4054,48.4845,91.63,29,94,28.88,SO,1627560860
513,porbandar,21.6422,69.6093,82.87,82,100,24.96,IN,1627560860
514,aykhal,66.0,111.5,76.91,50,63,12.48,RU,1627560844
515,eten,-6.9081,-79.8642,62.96,87,90,4.61,PE,1627560861
516,zaragoza,41.6561,-0.8773,89.46,44,0,1.99,ES,1627560861
517,martapura,-3.4167,114.85,80.69,78,40,2.3,ID,1627560862
518,umm lajj,25.0213,37.2685,89.53,58,58,14.41,SA,1627560862
519,phalodi,27.1333,72.3667,95.61,44,84,12.21,IN,1627560863
520,mutsu,41.2894,141.2169,75.99,95,60,5.46,JP,1627560863
521,touros,-5.1989,-35.4608,81.5,64,70,13.69,BR,1627560864
522,alvinopolis,-20.1067,-43.0489,66.13,49,15,5.68,BR,1627560864
523,villa maria,-32.4075,-63.2402,36.61,52,0,6.87,AR,1627560865
524,mossendjo,-2.9506,12.7261,90.57,34,10,3.87,CG,1627560865
525,ruswil,47.0843,8.1265,79.09,59,40,4.61,CH,1627560865
526,laramie,41.3114,-105.5911,62.91,72,51,1.59,US,1627560866
527,straumen,63.8709,11.2999,80.55,55,73,1.25,NO,1627560866
528,oeiras,-7.0253,-42.1311,89.94,33,9,4.07,BR,1627560867
529,belyy yar,53.6039,91.3903,73.29,43,0,6.71,RU,1627560867
530,wajid,3.8093,43.2471,85.39,38,93,22.66,SO,1627560868
531,gao,16.6362,1.637,91.42,42,73,11.27,ML,1627560868
532,iqaluit,63.7506,-68.5145,43.21,72,13,5.37,CA,1627560868
533,goundam,16.4145,-3.6708,91.65,46,51,6.69,ML,1627560869
534,shimoda,34.6667,138.95,80.71,88,8,6.89,JP,1627560869
535,kanevskaya,46.0849,38.9596,96.39,17,0,2.51,RU,1627560870
536,bambous virieux,-20.3428,57.7575,74.21,60,40,16.11,MU,1627560870
537,valparaiso,-33.0393,-71.6273,49.48,85,90,3.44,CL,1627560870
538,camocim,-2.9022,-40.8411,83.25,67,29,11.5,BR,1627560871
539,santa cruz,-17.8,-63.1667,55.89,23,100,11.9,BO,1627560664
540,inta,66.0317,60.1659,54.79,62,88,7.11,RU,1627560872
541,goure,13.9835,10.2704,88.02,47,100,4.34,NE,1627560872
542,ahuimanu,21.4447,-157.8378,78.51,74,90,11.5,US,1627560872
543,baisha,26.5222,110.9311,85.08,67,70,2.71,CN,1627560873
544,sabaudia,41.3003,13.0282,102.9,44,0,11.48,IT,1627560873
545,labytnangi,66.6572,66.4183,60.03,57,90,4.63,RU,1627560874
546,paamiut,61.994,-49.6678,43.23,88,56,3.27,GL,1627560874
547,yuzhno-kurilsk,44.0306,145.8556,65.91,99,88,9.71,RU,1627560874
548,dingle,10.9995,122.6711,79.56,86,100,7.99,PH,1627560875
